Field_ID  Ti Typ date
          cm
10        22 1   14101991
10         5 0   15101991
10         5 0   01081992
10        25 1   15101992
10         5 0   21041993
10        22 1   10101993
10         5 0   13101993
10         5 0   14101994
10        30 1   30101994
10         8 0   05041995
10         8 0   28041995
10         5 0   08051995
10        22 1   02101995
10         5 0   04101995
10        25 1   05111996
10         8 0   01041997
10         5 0   02041997
10        23 1   18091997
10         5 0   24091998
10        25 1   15101998
10         8 0   14041999
10        15 0   08091999
10        22 1   08111999
10         5 0   19042000
10         5 0   23042000
10        10 0   23082000
10        12 0   07092000
10        25 1   23102000
10         5 0   03042001
10        22 1   25092001
10         5 0   05102001
10        25 1   17102002
10         5 0   23042003
10        12 0   17092003
10        22 1   26092003
10         5 0   30092003
10        30 1   22102004
10         5 0   04042005
10         8 0   02092005
10         8 0   14092005
10        22 1   22092005
10         5 0   23092005
10        22 1   19102006
10         8 0   21022007
10        25 1   15032007
10         8 0   17092007
10        22 1   11032008
10         5 0   28032008
10        22 1   10112008
10        12 0   20032009
10         5 0   06042009
10         5 0   11082009
10        25 1   18092009
10         5 0   25092009
10        25 1   15102010
10        12 0   19042011
10        25 1   26092011
10         5 0   28092011
10         5 0   10102012
10        23 1   17102012
10        12 0   15042013
10        23 1   25092013
10        25 1   11112014
10        12 0   15042015
10        12 0   08092015
13        22 1   14101991
13         5 0   15101991
13         5 0   01081992
13        25 1   15101992
13         5 0   21041993
13        22 1   10101993
13         5 0   13101993
13         5 0   14101994
13        30 1   30101994
13         8 0   05041995
13         8 0   28041995
13         5 0   08051995
13        22 1   02101995
13         5 0   04101995
13        25 1   05111996
13         8 0   01041997
13         5 0   02041997
13        23 1   18091997
13         5 0   24091998
13        25 1   15101998
13         8 0   14041999
13        15 0   08091999
13        22 1   08111999
13         5 0   19042000
13         5 0   23042000
13        10 0   23082000
13        12 0   07092000
13        25 1   23102000
13         5 0   03042001
13        22 1   25092001
13         5 0   05102001
13        25 1   17102002
13         5 0   23042003
13        12 0   17092003
13        22 1   26092003
13         5 0   30092003
13        30 1   22102004
13         5 0   04042005
13         8 0   02092005
13         8 0   14092005
13        22 1   22092005
13         5 0   23092005
13        22 1   19102006
13         8 0   21022007
13        25 1   15032007
13         8 0   17092007
13        22 1   11032008
13         5 0   28032008
13        22 1   10112008
13        12 0   20032009
13         5 0   06042009
13         5 0   11082009
13        25 1   18092009
13         5 0   25092009
13        25 1   15102010
13        12 0   19042011
13        25 1   26092011
13         5 0   28092011
13         5 0   10102012
13        23 1   17102012
13        12 0   15042013
13        23 1   25092013
13        25 1   11112014
13        12 0   15042015
13        12 0   08092015
15        22 1   14101991
15         5 0   15101991
15         5 0   01081992
15        25 1   15101992
15         5 0   21041993
15        22 1   10101993
15         5 0   13101993
15         5 0   14101994
15        30 1   30101994
15         8 0   05041995
15         8 0   28041995
15         5 0   08051995
15        22 1   02101995
15         5 0   04101995
15        25 1   05111996
15         8 0   01041997
15         5 0   02041997
15        23 1   18091997
15         5 0   24091998
15        25 1   15101998
15         8 0   14041999
15        15 0   08091999
15        22 1   08111999
15         5 0   19042000
15         5 0   23042000
15        10 0   23082000
15        12 0   07092000
15        25 1   23102000
15         5 0   03042001
15        22 1   25092001
15         5 0   05102001
15        25 1   17102002
15         5 0   23042003
15        12 0   17092003
15        22 1   26092003
15         5 0   30092003
15        30 1   22102004
15         5 0   04042005
15         8 0   02092005
15         8 0   14092005
15        22 1   22092005
15         5 0   23092005
15        22 1   19102006
15         8 0   21022007
15        25 1   15032007
15         8 0   17092007
15        22 1   11032008
15         5 0   28032008
15        22 1   10112008
15        12 0   20032009
15         5 0   06042009
15         5 0   11082009
15        25 1   18092009
15         5 0   25092009
15        25 1   15102010
15        12 0   19042011
15        25 1   26092011
15         5 0   28092011
15         5 0   10102012
15        23 1   17102012
15        12 0   15042013
15        23 1   25092013
15        25 1   11112014
15        12 0   15042015
15        12 0   08092015
25        22 1   14101991
25         5 0   15101991
25         5 0   01081992
25        25 1   15101992
25         5 0   21041993
25        22 1   10101993
25         5 0   13101993
25         5 0   14101994
25        30 1   30101994
25         8 0   05041995
25         8 0   28041995
25         5 0   08051995
25        22 1   02101995
25         5 0   04101995
25        25 1   05111996
25         8 0   01041997
25         5 0   02041997
25        23 1   18091997
25         5 0   24091998
25        25 1   15101998
25         8 0   14041999
25        15 0   08091999
25        22 1   08111999
25         5 0   19042000
25         5 0   23042000
25        10 0   23082000
25        12 0   07092000
25        25 1   23102000
25         5 0   03042001
25        22 1   25092001
25         5 0   05102001
25        25 1   17102002
25         5 0   23042003
25        12 0   17092003
25        22 1   26092003
25         5 0   30092003
25        30 1   22102004
25         5 0   04042005
25         8 0   02092005
25         8 0   14092005
25        22 1   22092005
25         5 0   23092005
25        22 1   19102006
25         8 0   21022007
25        25 1   15032007
25         8 0   17092007
25        22 1   11032008
25         5 0   28032008
25        22 1   10112008
25        12 0   20032009
25         5 0   06042009
25         5 0   11082009
25        25 1   18092009
25         5 0   25092009
25        25 1   15102010
25        12 0   19042011
25        25 1   26092011
25         5 0   28092011
25         5 0   10102012
25        23 1   17102012
25        12 0   15042013
25        23 1   25092013
25        25 1   11112014
25        12 0   15042015
25        12 0   08092015
35        22 1   14101991
35         5 0   15101991
35         5 0   01081992
35        25 1   15101992
35         5 0   21041993
35        22 1   10101993
35         5 0   13101993
35         5 0   14101994
35        30 1   30101994
35         8 0   05041995
35         8 0   28041995
35         5 0   08051995
35        22 1   02101995
35         5 0   04101995
35        25 1   05111996
35         8 0   01041997
35         5 0   02041997
35        23 1   18091997
35         5 0   24091998
35        25 1   15101998
35         8 0   14041999
35        15 0   08091999
35        22 1   08111999
35         5 0   19042000
35         5 0   23042000
35        10 0   23082000
35        12 0   07092000
35        25 1   23102000
35         5 0   03042001
35        22 1   25092001
35         5 0   05102001
35        25 1   17102002
35         5 0   23042003
35        12 0   17092003
35        22 1   26092003
35         5 0   30092003
35        30 1   22102004
35         5 0   04042005
35         8 0   02092005
35         8 0   14092005
35        22 1   22092005
35         5 0   23092005
35        22 1   19102006
35         8 0   21022007
35        25 1   15032007
35         8 0   17092007
35        22 1   11032008
35         5 0   28032008
35        22 1   10112008
35        12 0   20032009
35         5 0   06042009
35         5 0   11082009
35        25 1   18092009
35         5 0   25092009
35        25 1   15102010
35        12 0   19042011
35        25 1   26092011
35         5 0   28092011
35         5 0   10102012
35        23 1   17102012
35        12 0   15042013
35        23 1   25092013
35        25 1   11112014
35        12 0   15042015
35        12 0   08092015
45        22 1   14101991
45         5 0   15101991
45         5 0   01081992
45        25 1   15101992
45         5 0   21041993
45        22 1   10101993
45         5 0   13101993
45         5 0   14101994
45        30 1   30101994
45         8 0   05041995
45         8 0   28041995
45         5 0   08051995
45        22 1   02101995
45         5 0   04101995
45        25 1   05111996
45         8 0   01041997
45         5 0   02041997
45        23 1   18091997
45         5 0   24091998
45        25 1   15101998
45         8 0   14041999
45        15 0   08091999
45        22 1   08111999
45         5 0   19042000
45         5 0   23042000
45        10 0   23082000
45        12 0   07092000
45        25 1   23102000
45         5 0   03042001
45        22 1   25092001
45         5 0   05102001
45        25 1   17102002
45         5 0   23042003
45        12 0   17092003
45        22 1   26092003
45         5 0   30092003
45        30 1   22102004
45         5 0   04042005
45         8 0   02092005
45         8 0   14092005
45        22 1   22092005
45         5 0   23092005
45        22 1   19102006
45         8 0   21022007
45        25 1   15032007
45         8 0   17092007
45        22 1   11032008
45         5 0   28032008
45        22 1   10112008
45        12 0   20032009
45         5 0   06042009
45         5 0   11082009
45        25 1   18092009
45         5 0   25092009
45        25 1   15102010
45        12 0   19042011
45        25 1   26092011
45         5 0   28092011
45         5 0   10102012
45        23 1   17102012
45        12 0   15042013
45        23 1   25092013
45        25 1   11112014
45        12 0   15042015
45        12 0   08092015
end
